positives/img0001.jpg 5 585 315 48 53 503 316 64 53 638 322 24 27 676 325 26 26 711 333 53 32
positives/img0002.jpg 5 505 313 59 60 589 320 39 41 638 328 19 22 674 325 28 28 714 333 50 35
positives/img0003.jpg 5 505 317 60 55 586 320 42 36 632 327 28 25 670 328 32 28 723 333 60 43
positives/img0004.jpg 5 507 313 58 56 586 319 44 43 638 326 21 23 676 323 40 34 738 333 71 49
positives/img0005.jpg 5 760 336 88 61 588 318 43 46 679 327 40 32 636 326 24 26 512 319 52 50
positives/img0006.jpg 5 785 331 140 85 681 327 49 36 637 323 24 30 580 321 54 43 510 318 60 48
positives/img0007.jpg 5 518 317 45 49 575 317 58 53 635 320 34 38 693 326 48 39 836 330 224 133
positives/img0008.jpg 4 689 325 60 45 643 323 31 33 582 324 42 36 523 324 41 35
positives/img0009.jpg 4 521 322 47 40 577 314 53 56 645 327 40 35 700 326 71 45
positives/img0010.jpg 4 526 320 41 45 570 320 57 48 649 326 45 36 693 326 94 63
positives/img0011.jpg 3 687 328 104 70 576 320 54 48 529 324 40 35
positives/img0012.jpg 3 575 321 55 49 533 323 40 35 665 329 143 83
positives/img0013.jpg 3 628 328 203 117 572 311 59 50 533 320 42 32
positives/img0014.jpg 1 580 311 249 183
positives/img0015.jpg 1 530 305 282 228
positives/img0016.jpg 3 526 316 235 221 226 329 219 138 770 327 114 99
positives/img0017.jpg 3 501 309 240 205 346 329 152 85 751 317 185 138
positives/img0018.jpg 3 510 321 186 160 759 318 260 157 412 332 89 70
positives/img0019.jpg 3 207 333 235 138 509 325 181 139 810 323 344 209
positives/img0021.jpg 2 540 315 127 118 393 331 112 85
positives/img0022.jpg 2 540 329 111 98 426 331 88 68

